

Time_to_Death 
Call: survfit(formula = dfsurv[[i]] ~ 1, data = datList$fit.dat$Y.ttf[[i]])

    time n.risk n.event survival std.err lower 95% CI upper 95% CI
   0.526    200       1    0.995 0.00499        0.985        1.000
   1.053    199       1    0.990 0.00704        0.976        1.000
   2.105    198       1    0.985 0.00860        0.968        1.000
   3.750    197       1    0.980 0.00990        0.961        1.000
   4.342    196       1    0.975 0.01104        0.954        0.997
   4.704    195       1    0.970 0.01206        0.947        0.994
   4.836    194       1    0.965 0.01300        0.940        0.991
   6.283    193       1    0.960 0.01386        0.933        0.988
   6.612    192       1    0.955 0.01466        0.927        0.984
   8.684    191       1    0.950 0.01541        0.920        0.981
   9.441    190       1    0.945 0.01612        0.914        0.977
   9.507    189       1    0.940 0.01679        0.908        0.973
  11.217    188       1    0.935 0.01743        0.901        0.970
  11.645    187       1    0.930 0.01804        0.895        0.966
  12.862    186       1    0.925 0.01862        0.889        0.962
  13.849    185       1    0.920 0.01918        0.883        0.958
  15.000    184       1    0.915 0.01972        0.877        0.954
  15.625    183       1    0.910 0.02024        0.871        0.951
  16.579    182       1    0.905 0.02073        0.865        0.947
  16.612    181       1    0.900 0.02121        0.859        0.943
  16.875    180       1    0.895 0.02168        0.854        0.939
  17.007    179       1    0.890 0.02212        0.848        0.934
  17.763    178       1    0.885 0.02256        0.842        0.930
  17.862    177       1    0.880 0.02298        0.836        0.926
  20.395    176       1    0.875 0.02339        0.830        0.922
  21.546    175       1    0.870 0.02378        0.825        0.918
  23.421    172       1    0.865 0.02417        0.819        0.914
  23.750    171       1    0.860 0.02456        0.813        0.909
  25.461    170       1    0.855 0.02493        0.807        0.905
  28.289    169       1    0.850 0.02529        0.802        0.901
  29.638    168       1    0.845 0.02564        0.796        0.896
  31.151    167       1    0.840 0.02598        0.790        0.892
  31.447    166       1    0.835 0.02631        0.785        0.888
  33.980    165       1    0.830 0.02663        0.779        0.883
  34.901    164       1    0.824 0.02695        0.773        0.879
  35.559    163       1    0.819 0.02725        0.768        0.875
  37.270    162       1    0.814 0.02755        0.762        0.870
  38.059    161       1    0.809 0.02784        0.757        0.866
  38.355    160       1    0.804 0.02812        0.751        0.861
  38.750    159       1    0.799 0.02839        0.745        0.857
  39.046    158       1    0.794 0.02866        0.740        0.852
  39.441    157       1    0.789 0.02892        0.734        0.848
  40.099    156       1    0.784 0.02918        0.729        0.843
  41.645    155       1    0.779 0.02942        0.723        0.839
  44.112    154       1    0.774 0.02966        0.718        0.834
  44.309    153       1    0.769 0.02990        0.712        0.830
  47.007    152       1    0.764 0.03013        0.707        0.825
  47.599    151       1    0.759 0.03035        0.702        0.821
  48.750    150       1    0.754 0.03056        0.696        0.816
  49.079    149       1    0.749 0.03077        0.691        0.811
  49.408    148       1    0.744 0.03098        0.685        0.807
  49.605    147       1    0.738 0.03118        0.680        0.802
  50.921    146       1    0.733 0.03137        0.674        0.798
  52.007    145       1    0.728 0.03156        0.669        0.793
  52.928    144       1    0.723 0.03174        0.664        0.788
  53.026    143       1    0.718 0.03192        0.658        0.784
  53.322    142       1    0.713 0.03210        0.653        0.779
  57.632    139       1    0.708 0.03227        0.648        0.774
  59.046    137       1    0.703 0.03245        0.642        0.769
  61.645    135       1    0.698 0.03262        0.637        0.765
  65.099    132       1    0.692 0.03280        0.631        0.760
  67.039    131       1    0.687 0.03297        0.625        0.755
  68.487    130       1    0.682 0.03314        0.620        0.750
  69.868    129       1    0.677 0.03330        0.614        0.745
  71.250    126       1    0.671 0.03347        0.609        0.740
  73.388    124       1    0.666 0.03363        0.603        0.735
  75.757    119       1    0.660 0.03381        0.597        0.730
  77.730    115       1    0.654 0.03400        0.591        0.725
  80.362    100       1    0.648 0.03429        0.584        0.719
  80.428     99       1    0.641 0.03456        0.577        0.713
  80.987     97       1    0.635 0.03483        0.570        0.707
  81.875     94       1    0.628 0.03511        0.563        0.701
  82.303     93       1    0.621 0.03537        0.556        0.695
  82.928     91       1    0.614 0.03564        0.548        0.688
  86.447     81       1    0.607 0.03600        0.540        0.682
  86.513     80       1    0.599 0.03634        0.532        0.675
  86.974     78       1    0.592 0.03667        0.524        0.668
  87.599     76       1    0.584 0.03701        0.516        0.661
  88.651     69       1    0.575 0.03743        0.506        0.654
  89.671     65       1    0.566 0.03788        0.497        0.646
  95.362     54       1    0.556 0.03861        0.485        0.637
  95.428     53       1    0.545 0.03928        0.474        0.628
  95.658     51       1    0.535 0.03994        0.462        0.619
  96.053     48       1    0.524 0.04063        0.450        0.610
  98.618     45       1    0.512 0.04136        0.437        0.600
  99.803     43       1    0.500 0.04208        0.424        0.590
 101.086     40       1    0.488 0.04284        0.410        0.579
 106.184     35       1    0.474 0.04382        0.395        0.568
 109.079     26       1    0.455 0.04577        0.374        0.555
 114.803     19       1    0.431 0.04924        0.345        0.540
 120.000     15       4    0.316 0.06108        0.217        0.462

Time_to_DM 
Call: survfit(formula = dfsurv[[i]] ~ 1, data = datList$fit.dat$Y.ttf[[i]])

 time n.risk n.event survival std.err lower 95% CI upper 95% CI
   44    196       1    0.995 0.00509        0.985        1.000
  138    193       1    0.990 0.00722        0.976        1.000
  139    192       1    0.985 0.00883        0.967        1.000
  217    188       1    0.979 0.01022        0.960        1.000
  238    187       1    0.974 0.01143        0.952        0.997
  259    186       1    0.969 0.01251        0.945        0.994
  267    185       1    0.964 0.01349        0.938        0.990
  279    184       1    0.958 0.01440        0.931        0.987
  287    183       1    0.953 0.01524        0.924        0.984
  324    180       1    0.948 0.01605        0.917        0.980
  338    179       1    0.943 0.01681        0.910        0.976
  345    177       1    0.937 0.01754        0.903        0.972
  349    176       2    0.927 0.01889        0.890        0.964
  407    173       1    0.921 0.01953        0.884        0.960
  421    172       1    0.916 0.02013        0.877        0.956
  432    171       1    0.911 0.02072        0.871        0.952
  561    167       1    0.905 0.02130        0.864        0.948
  571    166       1    0.900 0.02186        0.858        0.943
  594    165       1    0.894 0.02239        0.851        0.939
  643    163       1    0.889 0.02292        0.845        0.935
  677    162       1    0.883 0.02342        0.838        0.930
  691    161       1    0.878 0.02391        0.832        0.926
  712    160       1    0.872 0.02438        0.826        0.921
  742    158       1    0.867 0.02485        0.819        0.917
  922    155       1    0.861 0.02531        0.813        0.912
 1038    151       1    0.855 0.02577        0.806        0.907
 1065    150       1    0.850 0.02623        0.800        0.903
 1081    149       1    0.844 0.02666        0.793        0.898
 1198    143       1    0.838 0.02712        0.787        0.893
 1281    141       1    0.832 0.02757        0.780        0.888
 1306    140       1    0.826 0.02801        0.773        0.883
 1511    135       1    0.820 0.02846        0.766        0.878
 1603    132       1    0.814 0.02892        0.759        0.873
 1626    130       1    0.808 0.02936        0.752        0.867
 1842    120       1    0.801 0.02988        0.744        0.862
 2065    113       1    0.794 0.03045        0.736        0.856
 2142    108       1    0.786 0.03104        0.728        0.850
 2520     71       1    0.775 0.03252        0.714        0.842

Time_to_LR 
Call: survfit(formula = dfsurv[[i]] ~ 1, data = datList$fit.dat$Y.ttf[[i]])

 time n.risk n.event survival std.err lower 95% CI upper 95% CI
   88    196       1    0.995 0.00509        0.985        1.000
  145    192       1    0.990 0.00723        0.976        1.000
  185    190       1    0.985 0.00888        0.967        1.000
  198    189       1    0.979 0.01024        0.959        1.000
  205    187       1    0.974 0.01145        0.952        0.997
  239    186       1    0.969 0.01253        0.945        0.994
  259    185       1    0.964 0.01351        0.937        0.990
  260    184       1    0.958 0.01442        0.931        0.987
  267    182       1    0.953 0.01527        0.924        0.983
  287    181       1    0.948 0.01607        0.917        0.980
  349    177       1    0.942 0.01685        0.910        0.976
  358    175       1    0.937 0.01759        0.903        0.972
  366    174       1    0.932 0.01829        0.897        0.968
  377    173       1    0.926 0.01896        0.890        0.964
  386    172       1    0.921 0.01960        0.883        0.960
  419    171       1    0.916 0.02022        0.877        0.956
  432    170       1    0.910 0.02080        0.870        0.952
  439    169       1    0.905 0.02136        0.864        0.948
  452    168       1    0.899 0.02191        0.857        0.943
  458    167       1    0.894 0.02243        0.851        0.939
  509    164       1    0.889 0.02294        0.845        0.935
  639    159       1    0.883 0.02347        0.838        0.930
  648    158       1    0.877 0.02398        0.832        0.926
  677    157       2    0.866 0.02494        0.819        0.916
  688    155       1    0.861 0.02540        0.812        0.912
  719    153       1    0.855 0.02585        0.806        0.907
  890    149       1    0.849 0.02630        0.799        0.902
  957    146       1    0.843 0.02676        0.793        0.898
 1065    144       1    0.838 0.02721        0.786        0.893
 1166    141       1    0.832 0.02765        0.779        0.888
 1198    138       1    0.826 0.02810        0.772        0.883
 1247    136       1    0.820 0.02854        0.765        0.877
 1258    135       1    0.813 0.02897        0.759        0.872
 1289    134       1    0.807 0.02938        0.752        0.867
 1331    133       1    0.801 0.02978        0.745        0.862
 1367    132       1    0.795 0.03017        0.738        0.857
 1372    131       1    0.789 0.03054        0.732        0.851
 1393    130       1    0.783 0.03091        0.725        0.846
 1496    127       1    0.777 0.03127        0.718        0.841
 1864    111       1    0.770 0.03176        0.710        0.835
 2262     91       1    0.761 0.03252        0.700        0.828
 2500     69       1    0.750 0.03387        0.687        0.820
 3635     10       1    0.675 0.07745        0.539        0.846

