


-----------------------------------------------
 Time_to_Death   Inverse K-M Cumulative Hazard 
--------------- -------------------------------
    0.5263                   0.005             

     1.053                  0.0101             

     2.105                  0.0151             

     3.75                   0.0202             

     4.342                  0.0253             

     4.704                  0.0305             

     4.835                  0.0356             

     6.283                  0.0408             

     6.612                   0.046             

     8.684                  0.0513             

     9.441                  0.0566             

     9.507                  0.0619             

     11.22                  0.0672             

     11.64                  0.0726             

     12.86                   0.078             

     13.85                  0.0834             

      15                    0.0888             

     15.62                  0.0943             

     16.58                  0.0998             

     16.61                  0.1054             

     16.88                  0.1109             

     17.01                  0.1165             

     17.76                  0.1222             

     17.86                  0.1278             

     20.39                  0.1335             

     21.55                  0.1393             

     21.61                  0.1393             

     22.5                   0.1393             

     23.42                  0.1451             

     23.75                   0.151             

     25.46                  0.1569             

     28.29                  0.1628             

     29.64                  0.1688             

     31.15                  0.1748             

     31.45                  0.1808             

     33.98                  0.1869             

     34.9                    0.193             

     35.56                  0.1992             

     37.27                  0.2054             

     38.06                  0.2116             

     38.36                  0.2179             

     38.75                  0.2242             

     39.05                  0.2305             

     39.44                  0.2369             

     40.1                   0.2433             

     41.64                  0.2498             

     44.11                  0.2563             

     44.31                  0.2629             

     47.01                  0.2695             

     47.6                   0.2761             

     48.75                  0.2828             

     49.08                  0.2895             

     49.41                  0.2963             

     49.61                  0.3031             

     50.92                   0.31              

     52.01                  0.3169             

     52.93                  0.3239             

     53.03                  0.3309             

     53.32                   0.338             

     54.08                   0.338             

     56.02                   0.338             

     57.63                  0.3452             

     58.06                  0.3452             

     59.05                  0.3525             

     60.95                  0.3525             

     61.64                   0.36              

     61.78                   0.36              

     64.74                   0.36              

     65.1                   0.3676             

     67.04                  0.3752             

     68.49                   0.383             

     69.87                  0.3907             

     70.26                  0.3907             

     71.09                  0.3907             

     71.25                  0.3987             

     72.53                  0.3987             

     73.39                  0.4068             

     73.52                  0.4068             

     73.68                  0.4068             

     74.34                  0.4068             

     74.67                  0.4068             

     75.76                  0.4153             

     76.45                  0.4153             

     76.51                  0.4153             

     77.73                   0.424             

     78.12                   0.424             

     78.16                   0.424             

     78.26                   0.424             

     78.52                   0.424             

     78.78                   0.424             

     78.88                   0.424             

     78.98                   0.424             

     79.18                   0.424             

     79.44                   0.424             

     79.67                   0.424             

     79.87                   0.424             

     80.13                   0.424             

     80.2                    0.424             

     80.36                   0.434             

     80.43                  0.4442             

     80.62                  0.4442             

     80.99                  0.4546             

     81.41                  0.4546             

     81.58                  0.4546             

     81.88                  0.4652             

     82.3                   0.4761             

     82.34                  0.4761             

     82.93                  0.4871             

     82.99                  0.4871             

     83.36                  0.4871             

     84.47                  0.4871             

     84.57                  0.4871             

     84.8                   0.4871             

     85.07                  0.4871             

     85.43                  0.4871             

     85.79                  0.4871             

     85.92                  0.4871             

     86.45                  0.4995             

     86.51                  0.5121             

     86.74                  0.5121             

     86.97                   0.525             

     87.04                   0.525             

     87.6                   0.5383             

     87.7                   0.5383             

     87.89                  0.5383             

     88.36                  0.5383             

     88.42                  0.5383             

     88.49                  0.5383             

     88.65                  0.5529             

     89.24                  0.5529             

     89.34                  0.5529             

     89.54                  0.5529             

     89.67                  0.5684             

     89.77                  0.5684             

     90.3                   0.5684             

     90.39                  0.5684             

     90.92                  0.5684             

     91.91                  0.5684             

     92.14                  0.5684             

     92.4                   0.5684             

     93.52                  0.5684             

     94.61                  0.5684             

     94.9                   0.5684             

     95.36                  0.5871             

     95.43                  0.6061             

     95.62                  0.6061             

     95.66                  0.6259             

     95.69                  0.6259             

     96.02                  0.6259             

     96.05                   0.647             

     96.61                   0.647             

     96.74                   0.647             

     98.62                  0.6694             

     99.54                  0.6694             

     99.8                    0.693             

     100.8                   0.693             

     100.9                   0.693             

     101.1                  0.7183             

     102.3                  0.7183             

     103.6                  0.7183             

     103.8                  0.7183             

      105                   0.7183             

     106.2                  0.7473             

     106.4                  0.7473             

     106.9                  0.7473             

     107.2                  0.7473             

     108.2                  0.7473             

     108.3                  0.7473             

     108.8                  0.7473             

     108.9                  0.7473             

     109.1                  0.7865             

     111.5                  0.7865             

     112.2                  0.7865             

     112.4                  0.7865             

     114.6                  0.7865             

     114.7                  0.7865             

     114.8                  0.8406             

     116.2                  0.8406             

     116.4                  0.8406             

      118                   0.8406             

      120                    1.151             

      120                    1.151             
-----------------------------------------------



--------------------------------------------
 Time_to_DM   Inverse K-M Cumulative Hazard 
------------ -------------------------------
     11                     0               

     16                     0               

     32                     0               

     44                  0.0051             

    114                  0.0051             

    132                  0.0051             

    138                  0.0103             

    139                  0.0155             

    147                  0.0155             

    191                  0.0155             

    201                  0.0155             

    217                  0.0209             

    238                  0.0262             

    259                  0.0316             

    267                   0.037             

    279                  0.0425             

    287                   0.048             

    289                   0.048             

    324                  0.0535             

    338                  0.0591             

    341                  0.0591             

    345                  0.0648             

    349                  0.0762             

    354                  0.0762             

    407                   0.082             

    421                  0.0879             

    432                  0.0937             

    456                  0.0937             

    505                  0.0937             

    543                  0.0937             

    561                  0.0997             

    571                  0.1058             

    594                  0.1119             

    620                  0.1119             

    643                   0.118             

    677                  0.1242             

    691                  0.1304             

    712                  0.1367             

    738                  0.1367             

    742                  0.1431             

    788                  0.1431             

    901                  0.1431             

    922                  0.1495             

    947                  0.1495             

    956                  0.1495             

    1018                 0.1495             

    1038                 0.1562             

    1065                 0.1629             

    1081                 0.1696             

    1157                 0.1696             

    1166                 0.1696             

    1178                 0.1696             

    1187                 0.1696             

    1198                 0.1766             

    1199                 0.1766             

    1281                 0.1837             

    1306                 0.1909             

    1341                 0.1909             

    1408                 0.1909             

    1447                 0.1909             

    1508                 0.1909             

    1511                 0.1983             

    1514                 0.1983             

    1586                 0.1983             

    1603                 0.2059             

    1621                 0.2059             

    1626                 0.2137             

    1644                 0.2137             

    1654                 0.2137             

    1703                 0.2137             

    1752                 0.2137             

    1765                 0.2137             

    1795                 0.2137             

    1806                 0.2137             

    1808                 0.2137             

    1814                 0.2137             

    1842                  0.222             

    1874                  0.222             

    1884                  0.222             

    1887                  0.222             

    2038                  0.222             

    2053                  0.222             

    2063                  0.222             

    2065                 0.2309             

    2079                 0.2309             

    2082                 0.2309             

    2138                 0.2309             

    2140                 0.2309             

    2142                 0.2402             

    2169                 0.2402             

    2184                 0.2402             

    2205                 0.2402             

    2222                 0.2402             

    2235                 0.2402             

    2237                 0.2402             

    2247                 0.2402             

    2256                 0.2402             

    2260                 0.2402             

    2300                 0.2402             

    2303                 0.2402             

    2324                 0.2402             

    2332                 0.2402             

    2335                 0.2402             

    2354                 0.2402             

    2363                 0.2402             

    2365                 0.2402             

    2379                 0.2402             

    2380                 0.2402             

    2385                 0.2402             

    2389                 0.2402             

    2390                 0.2402             

    2405                 0.2402             

    2407                 0.2402             

    2415                 0.2402             

    2436                 0.2402             

    2443                 0.2402             

    2445                 0.2402             

    2454                 0.2402             

    2462                 0.2402             

    2463                 0.2402             

    2489                 0.2402             

    2493                 0.2402             

    2499                 0.2402             

    2503                 0.2402             

    2520                 0.2544             

    2521                 0.2544             

    2529                 0.2544             

    2534                 0.2544             

    2541                 0.2544             

    2544                 0.2544             

    2563                 0.2544             

    2628                 0.2544             

    2630                 0.2544             

    2637                 0.2544             

    2644                 0.2544             

    2646                 0.2544             

    2663                 0.2544             

    2666                 0.2544             

    2672                 0.2544             

    2675                 0.2544             

    2688                 0.2544             

    2695                 0.2544             

    2709                 0.2544             

    2712                 0.2544             

    2713                 0.2544             

    2715                 0.2544             

    2726                 0.2544             

    2745                 0.2544             

    2748                 0.2544             

    2772                 0.2544             

    2809                 0.2544             

    2819                 0.2544             

    2841                 0.2544             

    2869                 0.2544             

    2872                 0.2544             

    2899                 0.2544             

    2913                 0.2544             

    2919                 0.2544             

    2920                 0.2544             

    2939                 0.2544             

    2947                 0.2544             

    2962                 0.2544             

    2998                 0.2544             

    3010                 0.2544             

    3164                 0.2544             

    3226                 0.2544             

    3228                 0.2544             

    3235                 0.2544             

    3250                 0.2544             

    3293                 0.2544             

    3311                 0.2544             

    3316                 0.2544             

    3320                 0.2544             

    3350                 0.2544             

    3390                 0.2544             

    3439                 0.2544             

    3485                 0.2544             

    3488                 0.2544             

    3493                 0.2544             

    3537                 0.2544             

    3539                 0.2544             

    3587                 0.2544             

    3687                 0.2544             

    3853                 0.2544             

    3891                 0.2544             

    3928                 0.2544             

    4030                 0.2544             

    4090                 0.2544             

    4262                 0.2544             

    4289                 0.2544             

    4720                 0.2544             

    5243                 0.2544             

    5413                 0.2544             

    5413                 0.2544             
--------------------------------------------



--------------------------------------------
 Time_to_LR   Inverse K-M Cumulative Hazard 
------------ -------------------------------
     11                     0               

     16                     0               

     32                     0               

     88                  0.0051             

    114                  0.0051             

    132                  0.0051             

    143                  0.0051             

    145                  0.0103             

    147                  0.0103             

    185                  0.0156             

    198                  0.0209             

    201                  0.0209             

    205                  0.0263             

    239                  0.0317             

    259                  0.0371             

    260                  0.0425             

    264                  0.0425             

    267                  0.0481             

    287                  0.0536             

    289                  0.0536             

    341                  0.0536             

    349                  0.0593             

    354                  0.0593             

    358                   0.065             

    366                  0.0708             

    377                  0.0765             

    386                  0.0824             

    419                  0.0882             

    432                  0.0941             

    439                  0.1001             

    452                   0.106             

    458                  0.1121             

    504                  0.1121             

    505                  0.1121             

    509                  0.1182             

    517                  0.1182             

    540                  0.1182             

    543                  0.1182             

    620                  0.1182             

    639                  0.1245             

    648                  0.1308             

    677                  0.1437             

    688                  0.1501             

    712                  0.1501             

    719                  0.1567             

    722                  0.1567             

    738                  0.1567             

    788                  0.1567             

    890                  0.1634             

    947                  0.1634             

    956                  0.1634             

    957                  0.1703             

    1018                 0.1703             

    1065                 0.1773             

    1081                 0.1773             

    1157                 0.1773             

    1166                 0.1844             

    1187                 0.1844             

    1198                 0.1916             

    1199                 0.1916             

    1247                  0.199             

    1258                 0.2065             

    1289                  0.214             

    1331                 0.2215             

    1367                 0.2291             

    1372                 0.2368             

    1393                 0.2445             

    1408                 0.2445             

    1447                 0.2445             

    1496                 0.2524             

    1502                 0.2524             

    1508                 0.2524             

    1514                 0.2524             

    1520                 0.2524             

    1586                 0.2524             

    1612                 0.2524             

    1621                 0.2524             

    1644                 0.2524             

    1654                 0.2524             

    1703                 0.2524             

    1752                 0.2524             

    1765                 0.2524             

    1806                 0.2524             

    1808                 0.2524             

    1814                 0.2524             

    1864                 0.2614             

    1874                 0.2614             

    1884                 0.2614             

    1887                 0.2614             

    2053                 0.2614             

    2063                 0.2614             

    2079                 0.2614             

    2082                 0.2614             

    2138                 0.2614             

    2166                 0.2614             

    2169                 0.2614             

    2171                 0.2614             

    2184                 0.2614             

    2205                 0.2614             

    2222                 0.2614             

    2235                 0.2614             

    2237                 0.2614             

    2247                 0.2614             

    2256                 0.2614             

    2260                 0.2614             

    2262                 0.2725             

    2300                 0.2725             

    2303                 0.2725             

    2324                 0.2725             

    2332                 0.2725             

    2335                 0.2725             

    2354                 0.2725             

    2365                 0.2725             

    2379                 0.2725             

    2380                 0.2725             

    2389                 0.2725             

    2390                 0.2725             

    2405                 0.2725             

    2407                 0.2725             

    2415                 0.2725             

    2436                 0.2725             

    2445                 0.2725             

    2454                 0.2725             

    2463                 0.2725             

    2489                 0.2725             

    2493                 0.2725             

    2499                 0.2725             

    2500                 0.2871             

    2503                 0.2871             

    2529                 0.2871             

    2541                 0.2871             

    2544                 0.2871             

    2556                 0.2871             

    2637                 0.2871             

    2644                 0.2871             

    2646                 0.2871             

    2663                 0.2871             

    2666                 0.2871             

    2672                 0.2871             

    2675                 0.2871             

    2688                 0.2871             

    2695                 0.2871             

    2709                 0.2871             

    2712                 0.2871             

    2713                 0.2871             

    2715                 0.2871             

    2726                 0.2871             

    2745                 0.2871             

    2748                 0.2871             

    2772                 0.2871             

    2819                 0.2871             

    2841                 0.2871             

    2869                 0.2871             

    2872                 0.2871             

    2899                 0.2871             

    2913                 0.2871             

    2918                 0.2871             

    2919                 0.2871             

    2920                 0.2871             

    2939                 0.2871             

    2942                 0.2871             

    2947                 0.2871             

    2962                 0.2871             

    2998                 0.2871             

    3010                 0.2871             

    3164                 0.2871             

    3226                 0.2871             

    3228                 0.2871             

    3235                 0.2871             

    3250                 0.2871             

    3293                 0.2871             

    3311                 0.2871             

    3316                 0.2871             

    3320                 0.2871             

    3350                 0.2871             

    3390                 0.2871             

    3439                 0.2871             

    3485                 0.2871             

    3488                 0.2871             

    3490                 0.2871             

    3493                 0.2871             

    3537                 0.2871             

    3539                 0.2871             

    3587                 0.2871             

    3635                 0.3925             

    3687                 0.3925             

    3814                 0.3925             

    3853                 0.3925             

    3928                 0.3925             

    4030                 0.3925             

    4262                 0.3925             

    4289                 0.3925             

    5243                 0.3925             

    5413                 0.3925             

    5413                 0.3925             
--------------------------------------------


