


--------------------------------------------------------------------
 Time_to_Death   Inverse K-M Cum. Hazard   Nelson_Aalen Cum. Hazard 
--------------- ------------------------- --------------------------
    0.5263                0.005                     0.005           

     1.053               0.0101                      0.01           

     2.105               0.0151                     0.0151          

     3.75                0.0202                     0.0202          

     4.342               0.0253                     0.0253          

     4.704               0.0305                     0.0304          

     4.835               0.0356                     0.0355          

     6.283               0.0408                     0.0407          

     6.612                0.046                     0.0459          

     8.684               0.0513                     0.0512          

     9.441               0.0566                     0.0564          

     9.507               0.0619                     0.0617          

     11.22               0.0672                     0.067           

     11.64               0.0726                     0.0724          

     12.86                0.078                     0.0778          

     13.85               0.0834                     0.0832          

      15                 0.0888                     0.0886          

     15.62               0.0943                     0.0941          

     16.58               0.0998                     0.0996          

     16.61               0.1054                     0.1051          

     16.88               0.1109                     0.1106          

     17.01               0.1165                     0.1162          

     17.76               0.1222                     0.1218          

     17.86               0.1278                     0.1275          

     20.39               0.1335                     0.1332          

     21.55               0.1393                     0.1389          

     21.61               0.1393                     0.1389          

     22.5                0.1393                     0.1389          

     23.42               0.1451                     0.1447          

     23.75                0.151                     0.1506          

     25.46               0.1569                     0.1564          

     28.29               0.1628                     0.1624          

     29.64               0.1688                     0.1683          

     31.15               0.1748                     0.1743          

     31.45               0.1808                     0.1803          

     33.98               0.1869                     0.1864          

     34.9                 0.193                     0.1925          

     35.56               0.1992                     0.1986          

     37.27               0.2054                     0.2048          

     38.06               0.2116                     0.211           

     38.36               0.2179                     0.2172          

     38.75               0.2242                     0.2235          

     39.05               0.2305                     0.2299          

     39.44               0.2369                     0.2362          

     40.1                0.2433                     0.2426          

     41.64               0.2498                     0.2491          

     44.11               0.2563                     0.2556          

     44.31               0.2629                     0.2621          

     47.01               0.2695                     0.2687          

     47.6                0.2761                     0.2753          

     48.75               0.2828                     0.282           

     49.08               0.2895                     0.2887          

     49.41               0.2963                     0.2955          

     49.61               0.3031                     0.3023          

     50.92                0.31                      0.3091          

     52.01               0.3169                     0.316           

     52.93               0.3239                     0.323           

     53.03               0.3309                     0.3299          

     53.32                0.338                     0.337           

     54.08                0.338                     0.337           

     56.02                0.338                     0.337           

     57.63               0.3452                     0.3442          

     58.06               0.3452                     0.3442          

     59.05               0.3525                     0.3515          

     60.95               0.3525                     0.3515          

     61.64                0.36                      0.3589          

     61.78                0.36                      0.3589          

     64.74                0.36                      0.3589          

     65.1                0.3676                     0.3665          

     67.04               0.3752                     0.3741          

     68.49                0.383                     0.3818          

     69.87               0.3907                     0.3895          

     70.26               0.3907                     0.3895          

     71.09               0.3907                     0.3895          

     71.25               0.3987                     0.3975          

     72.53               0.3987                     0.3975          

     73.39               0.4068                     0.4055          

     73.52               0.4068                     0.4055          

     73.68               0.4068                     0.4055          

     74.34               0.4068                     0.4055          

     74.67               0.4068                     0.4055          

     75.76               0.4153                     0.4139          

     76.45               0.4153                     0.4139          

     76.51               0.4153                     0.4139          

     77.73                0.424                     0.4226          

     78.12                0.424                     0.4226          

     78.16                0.424                     0.4226          

     78.26                0.424                     0.4226          

     78.52                0.424                     0.4226          

     78.78                0.424                     0.4226          

     78.88                0.424                     0.4226          

     78.98                0.424                     0.4226          

     79.18                0.424                     0.4226          

     79.44                0.424                     0.4226          

     79.67                0.424                     0.4226          

     79.87                0.424                     0.4226          

     80.13                0.424                     0.4226          

     80.2                 0.424                     0.4226          

     80.36                0.434                     0.4326          

     80.43               0.4442                     0.4427          

     80.62               0.4442                     0.4427          

     80.99               0.4546                     0.4531          

     81.41               0.4546                     0.4531          

     81.58               0.4546                     0.4531          

     81.88               0.4652                     0.4637          

     82.3                0.4761                     0.4744          

     82.34               0.4761                     0.4744          

     82.93               0.4871                     0.4854          

     82.99               0.4871                     0.4854          

     83.36               0.4871                     0.4854          

     84.47               0.4871                     0.4854          

     84.57               0.4871                     0.4854          

     84.8                0.4871                     0.4854          

     85.07               0.4871                     0.4854          

     85.43               0.4871                     0.4854          

     85.79               0.4871                     0.4854          

     85.92               0.4871                     0.4854          

     86.45               0.4995                     0.4978          

     86.51               0.5121                     0.5103          

     86.74               0.5121                     0.5103          

     86.97                0.525                     0.5231          

     87.04                0.525                     0.5231          

     87.6                0.5383                     0.5363          

     87.7                0.5383                     0.5363          

     87.89               0.5383                     0.5363          

     88.36               0.5383                     0.5363          

     88.42               0.5383                     0.5363          

     88.49               0.5383                     0.5363          

     88.65               0.5529                     0.5507          

     89.24               0.5529                     0.5507          

     89.34               0.5529                     0.5507          

     89.54               0.5529                     0.5507          

     89.67               0.5684                     0.5661          

     89.77               0.5684                     0.5661          

     90.3                0.5684                     0.5661          

     90.39               0.5684                     0.5661          

     90.92               0.5684                     0.5661          

     91.91               0.5684                     0.5661          

     92.14               0.5684                     0.5661          

     92.4                0.5684                     0.5661          

     93.52               0.5684                     0.5661          

     94.61               0.5684                     0.5661          

     94.9                0.5684                     0.5661          

     95.36               0.5871                     0.5847          

     95.43               0.6061                     0.6035          

     95.62               0.6061                     0.6035          

     95.66               0.6259                     0.6231          

     95.69               0.6259                     0.6231          

     96.02               0.6259                     0.6231          

     96.05                0.647                     0.644           

     96.61                0.647                     0.644           

     96.74                0.647                     0.644           

     98.62               0.6694                     0.6662          

     99.54               0.6694                     0.6662          

     99.8                 0.693                     0.6894          

     100.8                0.693                     0.6894          

     100.9                0.693                     0.6894          

     101.1               0.7183                     0.7144          

     102.3               0.7183                     0.7144          

     103.6               0.7183                     0.7144          

     103.8               0.7183                     0.7144          

      105                0.7183                     0.7144          

     106.2               0.7473                     0.743           

     106.4               0.7473                     0.743           

     106.9               0.7473                     0.743           

     107.2               0.7473                     0.743           

     108.2               0.7473                     0.743           

     108.3               0.7473                     0.743           

     108.8               0.7473                     0.743           

     108.9               0.7473                     0.743           

     109.1               0.7865                     0.7815          

     111.5               0.7865                     0.7815          

     112.2               0.7865                     0.7815          

     112.4               0.7865                     0.7815          

     114.6               0.7865                     0.7815          

     114.7               0.7865                     0.7815          

     114.8               0.8406                     0.8341          

     116.2               0.8406                     0.8341          

     116.4               0.8406                     0.8341          

      118                0.8406                     0.8341          

      120                 1.151                     1.101           

      120                 1.151                     1.101           
--------------------------------------------------------------------



-----------------------------------------------------------------
 Time_to_DM   Inverse K-M Cum. Hazard   Nelson_Aalen Cum. Hazard 
------------ ------------------------- --------------------------
     11                  0                         0             

     16                  0                         0             

     32                  0                         0             

     44               0.0051                     0.0051          

    114               0.0051                     0.0051          

    132               0.0051                     0.0051          

    138               0.0103                     0.0103          

    139               0.0155                     0.0155          

    147               0.0155                     0.0155          

    191               0.0155                     0.0155          

    201               0.0155                     0.0155          

    217               0.0209                     0.0208          

    238               0.0262                     0.0262          

    259               0.0316                     0.0315          

    267                0.037                     0.0369          

    279               0.0425                     0.0424          

    287                0.048                     0.0478          

    289                0.048                     0.0478          

    324               0.0535                     0.0534          

    338               0.0591                     0.059           

    341               0.0591                     0.059           

    345               0.0648                     0.0646          

    349               0.0762                     0.076           

    354               0.0762                     0.076           

    407                0.082                     0.0818          

    421               0.0879                     0.0876          

    432               0.0937                     0.0934          

    456               0.0937                     0.0934          

    505               0.0937                     0.0934          

    543               0.0937                     0.0934          

    561               0.0997                     0.0994          

    571               0.1058                     0.1054          

    594               0.1119                     0.1115          

    620               0.1119                     0.1115          

    643                0.118                     0.1176          

    677               0.1242                     0.1238          

    691               0.1304                      0.13           

    712               0.1367                     0.1363          

    738               0.1367                     0.1363          

    742               0.1431                     0.1426          

    788               0.1431                     0.1426          

    901               0.1431                     0.1426          

    922               0.1495                     0.1491          

    947               0.1495                     0.1491          

    956               0.1495                     0.1491          

    1018              0.1495                     0.1491          

    1038              0.1562                     0.1557          

    1065              0.1629                     0.1623          

    1081              0.1696                     0.1691          

    1157              0.1696                     0.1691          

    1166              0.1696                     0.1691          

    1178              0.1696                     0.1691          

    1187              0.1696                     0.1691          

    1198              0.1766                     0.1761          

    1199              0.1766                     0.1761          

    1281              0.1837                     0.1831          

    1306              0.1909                     0.1903          

    1341              0.1909                     0.1903          

    1408              0.1909                     0.1903          

    1447              0.1909                     0.1903          

    1508              0.1909                     0.1903          

    1511              0.1983                     0.1977          

    1514              0.1983                     0.1977          

    1586              0.1983                     0.1977          

    1603              0.2059                     0.2053          

    1621              0.2059                     0.2053          

    1626              0.2137                     0.213           

    1644              0.2137                     0.213           

    1654              0.2137                     0.213           

    1703              0.2137                     0.213           

    1752              0.2137                     0.213           

    1765              0.2137                     0.213           

    1795              0.2137                     0.213           

    1806              0.2137                     0.213           

    1808              0.2137                     0.213           

    1814              0.2137                     0.213           

    1842               0.222                     0.2213          

    1874               0.222                     0.2213          

    1884               0.222                     0.2213          

    1887               0.222                     0.2213          

    2038               0.222                     0.2213          

    2053               0.222                     0.2213          

    2063               0.222                     0.2213          

    2065              0.2309                     0.2301          

    2079              0.2309                     0.2301          

    2082              0.2309                     0.2301          

    2138              0.2309                     0.2301          

    2140              0.2309                     0.2301          

    2142              0.2402                     0.2394          

    2169              0.2402                     0.2394          

    2184              0.2402                     0.2394          

    2205              0.2402                     0.2394          

    2222              0.2402                     0.2394          

    2235              0.2402                     0.2394          

    2237              0.2402                     0.2394          

    2247              0.2402                     0.2394          

    2256              0.2402                     0.2394          

    2260              0.2402                     0.2394          

    2300              0.2402                     0.2394          

    2303              0.2402                     0.2394          

    2324              0.2402                     0.2394          

    2332              0.2402                     0.2394          

    2335              0.2402                     0.2394          

    2354              0.2402                     0.2394          

    2363              0.2402                     0.2394          

    2365              0.2402                     0.2394          

    2379              0.2402                     0.2394          

    2380              0.2402                     0.2394          

    2385              0.2402                     0.2394          

    2389              0.2402                     0.2394          

    2390              0.2402                     0.2394          

    2405              0.2402                     0.2394          

    2407              0.2402                     0.2394          

    2415              0.2402                     0.2394          

    2436              0.2402                     0.2394          

    2443              0.2402                     0.2394          

    2445              0.2402                     0.2394          

    2454              0.2402                     0.2394          

    2462              0.2402                     0.2394          

    2463              0.2402                     0.2394          

    2489              0.2402                     0.2394          

    2493              0.2402                     0.2394          

    2499              0.2402                     0.2394          

    2503              0.2402                     0.2394          

    2520              0.2544                     0.2535          

    2521              0.2544                     0.2535          

    2529              0.2544                     0.2535          

    2534              0.2544                     0.2535          

    2541              0.2544                     0.2535          

    2544              0.2544                     0.2535          

    2563              0.2544                     0.2535          

    2628              0.2544                     0.2535          

    2630              0.2544                     0.2535          

    2637              0.2544                     0.2535          

    2644              0.2544                     0.2535          

    2646              0.2544                     0.2535          

    2663              0.2544                     0.2535          

    2666              0.2544                     0.2535          

    2672              0.2544                     0.2535          

    2675              0.2544                     0.2535          

    2688              0.2544                     0.2535          

    2695              0.2544                     0.2535          

    2709              0.2544                     0.2535          

    2712              0.2544                     0.2535          

    2713              0.2544                     0.2535          

    2715              0.2544                     0.2535          

    2726              0.2544                     0.2535          

    2745              0.2544                     0.2535          

    2748              0.2544                     0.2535          

    2772              0.2544                     0.2535          

    2809              0.2544                     0.2535          

    2819              0.2544                     0.2535          

    2841              0.2544                     0.2535          

    2869              0.2544                     0.2535          

    2872              0.2544                     0.2535          

    2899              0.2544                     0.2535          

    2913              0.2544                     0.2535          

    2919              0.2544                     0.2535          

    2920              0.2544                     0.2535          

    2939              0.2544                     0.2535          

    2947              0.2544                     0.2535          

    2962              0.2544                     0.2535          

    2998              0.2544                     0.2535          

    3010              0.2544                     0.2535          

    3164              0.2544                     0.2535          

    3226              0.2544                     0.2535          

    3228              0.2544                     0.2535          

    3235              0.2544                     0.2535          

    3250              0.2544                     0.2535          

    3293              0.2544                     0.2535          

    3311              0.2544                     0.2535          

    3316              0.2544                     0.2535          

    3320              0.2544                     0.2535          

    3350              0.2544                     0.2535          

    3390              0.2544                     0.2535          

    3439              0.2544                     0.2535          

    3485              0.2544                     0.2535          

    3488              0.2544                     0.2535          

    3493              0.2544                     0.2535          

    3537              0.2544                     0.2535          

    3539              0.2544                     0.2535          

    3587              0.2544                     0.2535          

    3687              0.2544                     0.2535          

    3853              0.2544                     0.2535          

    3891              0.2544                     0.2535          

    3928              0.2544                     0.2535          

    4030              0.2544                     0.2535          

    4090              0.2544                     0.2535          

    4262              0.2544                     0.2535          

    4289              0.2544                     0.2535          

    4720              0.2544                     0.2535          

    5243              0.2544                     0.2535          

    5413              0.2544                     0.2535          

    5413              0.2544                     0.2535          
-----------------------------------------------------------------



-----------------------------------------------------------------
 Time_to_LR   Inverse K-M Cum. Hazard   Nelson_Aalen Cum. Hazard 
------------ ------------------------- --------------------------
     11                  0                         0             

     16                  0                         0             

     32                  0                         0             

     88               0.0051                     0.0051          

    114               0.0051                     0.0051          

    132               0.0051                     0.0051          

    143               0.0051                     0.0051          

    145               0.0103                     0.0103          

    147               0.0103                     0.0103          

    185               0.0156                     0.0156          

    198               0.0209                     0.0209          

    201               0.0209                     0.0209          

    205               0.0263                     0.0262          

    239               0.0317                     0.0316          

    259               0.0371                     0.037           

    260               0.0425                     0.0424          

    264               0.0425                     0.0424          

    267               0.0481                     0.0479          

    287               0.0536                     0.0534          

    289               0.0536                     0.0534          

    341               0.0536                     0.0534          

    349               0.0593                     0.0591          

    354               0.0593                     0.0591          

    358                0.065                     0.0648          

    366               0.0708                     0.0706          

    377               0.0765                     0.0763          

    386               0.0824                     0.0822          

    419               0.0882                     0.088           

    432               0.0941                     0.0939          

    439               0.1001                     0.0998          

    452                0.106                     0.1058          

    458               0.1121                     0.1117          

    504               0.1121                     0.1117          

    505               0.1121                     0.1117          

    509               0.1182                     0.1178          

    517               0.1182                     0.1178          

    540               0.1182                     0.1178          

    543               0.1182                     0.1178          

    620               0.1182                     0.1178          

    639               0.1245                     0.1241          

    648               0.1308                     0.1305          

    677               0.1437                     0.1432          

    688               0.1501                     0.1496          

    712               0.1501                     0.1496          

    719               0.1567                     0.1562          

    722               0.1567                     0.1562          

    738               0.1567                     0.1562          

    788               0.1567                     0.1562          

    890               0.1634                     0.1629          

    947               0.1634                     0.1629          

    956               0.1634                     0.1629          

    957               0.1703                     0.1697          

    1018              0.1703                     0.1697          

    1065              0.1773                     0.1767          

    1081              0.1773                     0.1767          

    1157              0.1773                     0.1767          

    1166              0.1844                     0.1838          

    1187              0.1844                     0.1838          

    1198              0.1916                     0.191           

    1199              0.1916                     0.191           

    1247               0.199                     0.1984          

    1258              0.2065                     0.2058          

    1289               0.214                     0.2133          

    1331              0.2215                     0.2208          

    1367              0.2291                     0.2283          

    1372              0.2368                     0.236           

    1393              0.2445                     0.2437          

    1408              0.2445                     0.2437          

    1447              0.2445                     0.2437          

    1496              0.2524                     0.2515          

    1502              0.2524                     0.2515          

    1508              0.2524                     0.2515          

    1514              0.2524                     0.2515          

    1520              0.2524                     0.2515          

    1586              0.2524                     0.2515          

    1612              0.2524                     0.2515          

    1621              0.2524                     0.2515          

    1644              0.2524                     0.2515          

    1654              0.2524                     0.2515          

    1703              0.2524                     0.2515          

    1752              0.2524                     0.2515          

    1765              0.2524                     0.2515          

    1806              0.2524                     0.2515          

    1808              0.2524                     0.2515          

    1814              0.2524                     0.2515          

    1864              0.2614                     0.2606          

    1874              0.2614                     0.2606          

    1884              0.2614                     0.2606          

    1887              0.2614                     0.2606          

    2053              0.2614                     0.2606          

    2063              0.2614                     0.2606          

    2079              0.2614                     0.2606          

    2082              0.2614                     0.2606          

    2138              0.2614                     0.2606          

    2166              0.2614                     0.2606          

    2169              0.2614                     0.2606          

    2171              0.2614                     0.2606          

    2184              0.2614                     0.2606          

    2205              0.2614                     0.2606          

    2222              0.2614                     0.2606          

    2235              0.2614                     0.2606          

    2237              0.2614                     0.2606          

    2247              0.2614                     0.2606          

    2256              0.2614                     0.2606          

    2260              0.2614                     0.2606          

    2262              0.2725                     0.2715          

    2300              0.2725                     0.2715          

    2303              0.2725                     0.2715          

    2324              0.2725                     0.2715          

    2332              0.2725                     0.2715          

    2335              0.2725                     0.2715          

    2354              0.2725                     0.2715          

    2365              0.2725                     0.2715          

    2379              0.2725                     0.2715          

    2380              0.2725                     0.2715          

    2389              0.2725                     0.2715          

    2390              0.2725                     0.2715          

    2405              0.2725                     0.2715          

    2407              0.2725                     0.2715          

    2415              0.2725                     0.2715          

    2436              0.2725                     0.2715          

    2445              0.2725                     0.2715          

    2454              0.2725                     0.2715          

    2463              0.2725                     0.2715          

    2489              0.2725                     0.2715          

    2493              0.2725                     0.2715          

    2499              0.2725                     0.2715          

    2500              0.2871                     0.286           

    2503              0.2871                     0.286           

    2529              0.2871                     0.286           

    2541              0.2871                     0.286           

    2544              0.2871                     0.286           

    2556              0.2871                     0.286           

    2637              0.2871                     0.286           

    2644              0.2871                     0.286           

    2646              0.2871                     0.286           

    2663              0.2871                     0.286           

    2666              0.2871                     0.286           

    2672              0.2871                     0.286           

    2675              0.2871                     0.286           

    2688              0.2871                     0.286           

    2695              0.2871                     0.286           

    2709              0.2871                     0.286           

    2712              0.2871                     0.286           

    2713              0.2871                     0.286           

    2715              0.2871                     0.286           

    2726              0.2871                     0.286           

    2745              0.2871                     0.286           

    2748              0.2871                     0.286           

    2772              0.2871                     0.286           

    2819              0.2871                     0.286           

    2841              0.2871                     0.286           

    2869              0.2871                     0.286           

    2872              0.2871                     0.286           

    2899              0.2871                     0.286           

    2913              0.2871                     0.286           

    2918              0.2871                     0.286           

    2919              0.2871                     0.286           

    2920              0.2871                     0.286           

    2939              0.2871                     0.286           

    2942              0.2871                     0.286           

    2947              0.2871                     0.286           

    2962              0.2871                     0.286           

    2998              0.2871                     0.286           

    3010              0.2871                     0.286           

    3164              0.2871                     0.286           

    3226              0.2871                     0.286           

    3228              0.2871                     0.286           

    3235              0.2871                     0.286           

    3250              0.2871                     0.286           

    3293              0.2871                     0.286           

    3311              0.2871                     0.286           

    3316              0.2871                     0.286           

    3320              0.2871                     0.286           

    3350              0.2871                     0.286           

    3390              0.2871                     0.286           

    3439              0.2871                     0.286           

    3485              0.2871                     0.286           

    3488              0.2871                     0.286           

    3490              0.2871                     0.286           

    3493              0.2871                     0.286           

    3537              0.2871                     0.286           

    3539              0.2871                     0.286           

    3587              0.2871                     0.286           

    3635              0.3925                     0.386           

    3687              0.3925                     0.386           

    3814              0.3925                     0.386           

    3853              0.3925                     0.386           

    3928              0.3925                     0.386           

    4030              0.3925                     0.386           

    4262              0.3925                     0.386           

    4289              0.3925                     0.386           

    5243              0.3925                     0.386           

    5413              0.3925                     0.386           

    5413              0.3925                     0.386           
-----------------------------------------------------------------


