

Time_to_Death 
Call: survfit(formula = dsurv ~ d$Trt, data = d)

                d$Trt=A 
    time n.risk n.event survival std.err lower 95% CI upper 95% CI
   0.526     71       1    0.986  0.0140        0.959        1.000
   2.105     70       1    0.972  0.0196        0.934        1.000
   6.283     69       1    0.958  0.0239        0.912        1.000
   8.684     68       1    0.944  0.0274        0.892        0.999
   9.441     67       1    0.930  0.0304        0.872        0.991
   9.507     66       1    0.915  0.0330        0.853        0.983
  12.862     65       1    0.901  0.0354        0.835        0.973
  13.849     64       1    0.887  0.0375        0.817        0.964
  16.875     63       1    0.873  0.0395        0.799        0.954
  17.007     62       1    0.859  0.0413        0.782        0.944
  17.862     61       1    0.845  0.0429        0.765        0.934
  20.395     60       1    0.831  0.0445        0.748        0.923
  31.447     59       1    0.817  0.0459        0.732        0.912
  33.980     58       1    0.803  0.0472        0.715        0.901
  38.059     57       1    0.789  0.0484        0.699        0.890
  38.750     56       1    0.775  0.0496        0.683        0.878
  39.046     55       1    0.761  0.0506        0.668        0.867
  40.099     54       1    0.746  0.0516        0.652        0.855
  44.309     53       1    0.732  0.0525        0.636        0.843
  47.599     52       1    0.718  0.0534        0.621        0.831
  48.750     51       1    0.704  0.0542        0.606        0.819
  49.079     50       1    0.690  0.0549        0.591        0.807
  49.408     49       1    0.676  0.0555        0.576        0.794
  49.605     48       1    0.662  0.0561        0.561        0.782
  52.007     47       1    0.648  0.0567        0.546        0.769
  52.928     46       1    0.634  0.0572        0.531        0.756
  65.099     42       1    0.619  0.0578        0.515        0.743
  73.388     41       1    0.604  0.0583        0.500        0.729
  77.730     40       1    0.589  0.0588        0.484        0.716
  80.987     39       1    0.573  0.0592        0.468        0.702
  86.513     37       1    0.558  0.0596        0.453        0.688
  96.053     31       1    0.540  0.0603        0.434        0.672
  98.618     29       1    0.521  0.0610        0.414        0.656
  99.803     28       1    0.503  0.0616        0.395        0.639
 109.079     22       1    0.480  0.0629        0.371        0.620
 114.803     19       1    0.455  0.0645        0.344        0.600
 120.000     15       4    0.333  0.0702        0.221        0.504

                d$Trt=B 
   time n.risk n.event survival std.err lower 95% CI upper 95% CI
   1.05    129       1    0.992 0.00772        0.977        1.000
   3.75    128       1    0.984 0.01088        0.963        1.000
   4.34    127       1    0.977 0.01327        0.951        1.000
   4.70    126       1    0.969 0.01526        0.940        0.999
   4.84    125       1    0.961 0.01699        0.929        0.995
   6.61    124       1    0.953 0.01854        0.918        0.991
  11.22    123       1    0.946 0.01995        0.907        0.986
  11.64    122       1    0.938 0.02124        0.897        0.981
  15.00    121       1    0.930 0.02243        0.887        0.975
  15.62    120       1    0.922 0.02354        0.877        0.970
  16.58    119       1    0.915 0.02459        0.868        0.964
  16.61    118       1    0.907 0.02557        0.858        0.959
  17.76    117       1    0.899 0.02650        0.849        0.953
  21.55    116       1    0.891 0.02739        0.839        0.947
  23.42    113       1    0.884 0.02826        0.830        0.941
  23.75    112       1    0.876 0.02909        0.821        0.935
  25.46    111       1    0.868 0.02987        0.811        0.928
  28.29    110       1    0.860 0.03063        0.802        0.922
  29.64    109       1    0.852 0.03135        0.793        0.916
  31.15    108       1    0.844 0.03203        0.784        0.909
  34.90    107       1    0.836 0.03269        0.775        0.903
  35.56    106       1    0.828 0.03332        0.766        0.896
  37.27    105       1    0.820 0.03392        0.757        0.890
  38.36    104       1    0.813 0.03450        0.748        0.883
  39.44    103       1    0.805 0.03506        0.739        0.876
  41.64    102       1    0.797 0.03559        0.730        0.870
  44.11    101       1    0.789 0.03610        0.721        0.863
  47.01    100       1    0.781 0.03659        0.712        0.856
  50.92     99       1    0.773 0.03706        0.704        0.849
  53.03     98       1    0.765 0.03752        0.695        0.842
  53.32     97       1    0.757 0.03795        0.687        0.836
  57.63     95       1    0.749 0.03838        0.678        0.829
  59.05     94       1    0.741 0.03879        0.669        0.821
  61.64     92       1    0.733 0.03920        0.660        0.814
  67.04     90       1    0.725 0.03960        0.652        0.807
  68.49     89       1    0.717 0.03998        0.643        0.800
  69.87     88       1    0.709 0.04035        0.634        0.793
  71.25     85       1    0.701 0.04073        0.625        0.785
  75.76     79       1    0.692 0.04117        0.616        0.777
  80.36     61       1    0.680 0.04202        0.603        0.768
  80.43     60       1    0.669 0.04283        0.590        0.758
  81.88     56       1    0.657 0.04370        0.577        0.749
  82.30     55       1    0.645 0.04451        0.564        0.739
  82.93     54       1    0.633 0.04526        0.550        0.728
  86.45     44       1    0.619 0.04646        0.534        0.717
  86.97     42       1    0.604 0.04763        0.518        0.705
  87.60     40       1    0.589 0.04878        0.501        0.693
  88.65     34       1    0.572 0.05032        0.481        0.679
  89.67     31       1    0.553 0.05197        0.460        0.665
  95.36     21       1    0.527 0.05577        0.428        0.648
  95.43     20       1    0.501 0.05888        0.397        0.630
  95.66     19       1    0.474 0.06139        0.368        0.611
 101.09     14       1    0.440 0.06569        0.329        0.590
 106.18     11       1    0.400 0.07087        0.283        0.566


Time_to_DM 
Call: survfit(formula = dsurv ~ d$Trt, data = d)

                d$Trt=A 
 time n.risk n.event survival std.err lower 95% CI upper 95% CI
  138     70       1    0.986  0.0142        0.958        1.000
  139     69       1    0.971  0.0199        0.933        1.000
  217     67       1    0.957  0.0243        0.910        1.000
  267     66       1    0.942  0.0279        0.889        0.999
  287     65       1    0.928  0.0311        0.869        0.991
  345     62       1    0.913  0.0340        0.849        0.982
  349     61       2    0.883  0.0389        0.810        0.963
  432     59       1    0.868  0.0410        0.791        0.952
  712     56       1    0.853  0.0431        0.772        0.941
  742     54       1    0.837  0.0451        0.753        0.930
 1065     51       1    0.820  0.0471        0.733        0.918
 1198     47       1    0.803  0.0492        0.712        0.905
 1306     46       1    0.785  0.0512        0.691        0.892
 1511     42       1    0.767  0.0533        0.669        0.879
 1603     40       1    0.748  0.0553        0.647        0.864
 2065     35       1    0.726  0.0577        0.622        0.849
 2520     29       1    0.701  0.0609        0.591        0.831

                d$Trt=B 
 time n.risk n.event survival std.err lower 95% CI upper 95% CI
   44    126       1    0.992  0.0079        0.977        1.000
  238    121       1    0.984  0.0113        0.962        1.000
  259    120       1    0.976  0.0139        0.949        1.000
  279    119       1    0.967  0.0160        0.937        0.999
  324    118       1    0.959  0.0178        0.925        0.995
  338    117       1    0.951  0.0195        0.914        0.990
  407    114       1    0.943  0.0210        0.902        0.985
  421    113       1    0.934  0.0224        0.891        0.979
  561    110       1    0.926  0.0238        0.880        0.974
  571    109       1    0.917  0.0250        0.870        0.968
  594    108       1    0.909  0.0262        0.859        0.962
  643    107       1    0.900  0.0273        0.848        0.956
  677    106       1    0.892  0.0283        0.838        0.949
  691    105       1    0.883  0.0293        0.828        0.943
  922    103       1    0.875  0.0303        0.818        0.936
 1038    100       1    0.866  0.0312        0.807        0.929
 1081     99       1    0.857  0.0321        0.797        0.923
 1281     95       1    0.848  0.0330        0.786        0.916
 1626     91       1    0.839  0.0339        0.775        0.908
 1842     85       1    0.829  0.0349        0.763        0.900
 2142     74       1    0.818  0.0362        0.750        0.892


Time_to_LR 
Call: survfit(formula = dsurv ~ d$Trt, data = d)

                d$Trt=A 
 time n.risk n.event survival std.err lower 95% CI upper 95% CI
   88     70       1    0.986  0.0142        0.958        1.000
  145     69       1    0.971  0.0199        0.933        1.000
  185     68       1    0.957  0.0242        0.911        1.000
  198     67       1    0.943  0.0277        0.890        0.999
  239     66       1    0.929  0.0308        0.870        0.991
  267     64       1    0.914  0.0335        0.851        0.982
  287     63       1    0.900  0.0360        0.832        0.973
  349     60       1    0.885  0.0384        0.812        0.963
  432     59       1    0.870  0.0406        0.794        0.953
  648     55       1    0.854  0.0428        0.774        0.942
  890     52       1    0.837  0.0450        0.754        0.930
 1065     50       1    0.821  0.0471        0.733        0.918
 1198     47       1    0.803  0.0493        0.712        0.906
 1258     46       1    0.786  0.0512        0.691        0.893
 1367     45       1    0.768  0.0529        0.671        0.879
 1372     44       1    0.751  0.0545        0.651        0.866
 1393     43       1    0.733  0.0560        0.631        0.852
 1496     40       1    0.715  0.0575        0.611        0.837
 2262     32       1    0.693  0.0599        0.585        0.821
 2500     29       1    0.669  0.0624        0.557        0.803
 3635     10       1    0.602  0.0847        0.457        0.793

                d$Trt=B 
 time n.risk n.event survival std.err lower 95% CI upper 95% CI
  205    121       1    0.992 0.00823        0.976        1.000
  259    120       1    0.983 0.01159        0.961        1.000
  260    119       1    0.975 0.01414        0.948        1.000
  358    116       1    0.967 0.01632        0.935        0.999
  366    115       1    0.958 0.01822        0.923        0.995
  377    114       1    0.950 0.01990        0.912        0.990
  386    113       1    0.942 0.02143        0.901        0.985
  419    112       1    0.933 0.02283        0.889        0.979
  439    111       1    0.925 0.02412        0.879        0.973
  452    110       1    0.916 0.02532        0.868        0.967
  458    109       1    0.908 0.02645        0.858        0.961
  509    106       1    0.899 0.02755        0.847        0.955
  639    104       1    0.891 0.02861        0.836        0.949
  677    103       2    0.873 0.03056        0.816        0.935
  688    101       1    0.865 0.03146        0.805        0.929
  719     99       1    0.856 0.03233        0.795        0.922
  957     96       1    0.847 0.03320        0.785        0.915
 1166     93       1    0.838 0.03407        0.774        0.908
 1247     90       1    0.829 0.03494        0.763        0.900
 1289     89       1    0.819 0.03577        0.752        0.893
 1331     88       1    0.810 0.03655        0.742        0.885
 1864     79       1    0.800 0.03750        0.730        0.877


